center_x: [1.7515273094177246]
center_y: [0.6086635589599609]
center_z: [0.5498437881469727]
frame_id: map
is_occupied: [0]
size_x: [5.262652397155762]
size_y: [0.7481689453125]
size_z: [1.8829574584960938]
