center_x: [0.6279244422912598, 0.704630434513092, 0.704630434513092, 0.3313598930835724]
center_y: [3.986567258834839, 3.986567258834839, 3.986567258834839, 4.177134990692139]
center_z: [1.1116342544555664, 1.630981206893921, 1.4027572870254517, 1.0374655723571777]
frame_id: map
is_occupied: [1, 0, 0, 0]
size_x: [0.40004003047943115, 0.6488526463508606, 0.6488526463508606, 0.8511972725391388]
size_y: [0.32822227478027344, 0.32822227478027344, 0.32822227478027344, 0.6104483604431152]
size_z: [0.09781336784362793, 0.12319064140319824, 0.12319064140319824, 0.6904096603393555]
